0.000000e+00 -2.235060e+01
2.207207e-02 -2.236177e+01
4.414414e-02 -2.239539e+01
6.621622e-02 -2.245185e+01
8.828829e-02 -2.253179e+01
1.103604e-01 -2.263614e+01
1.324324e-01 -2.276614e+01
1.545045e-01 -2.292334e+01
1.765766e-01 -2.310971e+01
1.986486e-01 -2.332764e+01
2.207207e-01 -2.358005e+01
2.427928e-01 -2.387052e+01
2.648649e-01 -2.420339e+01
2.869369e-01 -2.458404e+01
3.090090e-01 -2.501910e+01
3.310811e-01 -2.551693e+01
3.531532e-01 -2.608821e+01
3.752252e-01 -2.674690e+01
3.972973e-01 -2.751164e+01
4.193694e-01 -2.840822e+01
4.414414e-01 -2.947370e+01
4.635135e-01 -3.076423e+01
4.855856e-01 -3.237092e+01
5.076577e-01 -3.445700e+01
5.297297e-01 -3.736244e+01
5.518018e-01 -4.201449e+01
5.738739e-01 -5.361973e+01
5.959459e-01 -4.800738e+01
6.180180e-01 -3.979063e+01
6.400901e-01 -3.554596e+01
6.621622e-01 -3.264280e+01
6.842342e-01 -3.042650e+01
7.063063e-01 -2.863144e+01
7.283784e-01 -2.712337e+01
7.504505e-01 -2.582501e+01
7.725225e-01 -2.468788e+01
7.945946e-01 -2.367964e+01
8.166667e-01 -2.277769e+01
8.387387e-01 -2.196572e+01
8.608108e-01 -2.123159e+01
8.828829e-01 -2.056611e+01
9.049550e-01 -1.996221e+01
9.270270e-01 -1.941440e+01
9.490991e-01 -1.891838e+01
9.711712e-01 -1.847084e+01
9.932432e-01 -1.806918e+01
1.015315e+00 -1.771149e+01
1.037387e+00 -1.739636e+01
1.059459e+00 -1.712289e+01
1.081532e+00 -1.689060e+01
1.103604e+00 -1.669943e+01
1.125676e+00 -1.654977e+01
1.147748e+00 -1.644239e+01
1.169820e+00 -1.637856e+01
1.191892e+00 -1.636005e+01
1.213964e+00 -1.638920e+01
1.236036e+00 -1.646909e+01
1.258108e+00 -1.660364e+01
1.280180e+00 -1.679786e+01
1.302252e+00 -1.705815e+01
1.324324e+00 -1.739277e+01
1.346396e+00 -1.781250e+01
1.368468e+00 -1.833169e+01
1.390541e+00 -1.896990e+01
1.412613e+00 -1.975461e+01
1.434685e+00 -2.072604e+01
1.456757e+00 -2.194637e+01
1.478829e+00 -2.351895e+01
1.500901e+00 -2.563511e+01
1.522973e+00 -2.871449e+01
1.545045e+00 -3.402779e+01
1.567117e+00 -5.421707e+01
1.589189e+00 -3.531726e+01
1.611261e+00 -2.855135e+01
1.633333e+00 -2.463045e+01
1.655405e+00 -2.182379e+01
1.677477e+00 -1.962005e+01
1.699550e+00 -1.779717e+01
1.721622e+00 -1.623838e+01
1.743694e+00 -1.487464e+01
1.765766e+00 -1.366169e+01
1.787838e+00 -1.256945e+01
1.809910e+00 -1.157655e+01
1.831982e+00 -1.066725e+01
1.854054e+00 -9.829600e+00
1.876126e+00 -9.054353e+00
1.898198e+00 -8.334181e+00
1.920270e+00 -7.663185e+00
1.942342e+00 -7.036549e+00
1.964414e+00 -6.450292e+00
1.986486e+00 -5.901088e+00
2.008559e+00 -5.386130e+00
2.030631e+00 -4.903031e+00
2.052703e+00 -4.449748e+00
2.074775e+00 -4.024520e+00
2.096847e+00 -3.625820e+00
2.118919e+00 -3.252323e+00
2.140991e+00 -2.902868e+00
2.163063e+00 -2.576443e+00
2.185135e+00 -2.272156e+00
2.207207e+00 -1.989227e+00
2.229279e+00 -1.726968e+00
2.251351e+00 -1.484778e+00
2.273423e+00 -1.262130e+00
2.295495e+00 -1.058563e+00
2.317568e+00 -8.736793e-01
2.339640e+00 -7.071347e-01
2.361712e+00 -5.586377e-01
2.383784e+00 -4.279440e-01
2.405856e+00 -3.148545e-01
2.427928e+00 -2.192121e-01
2.450000e+00 -1.409006e-01
2.472072e+00 -7.984318e-02
2.494144e+00 -3.600125e-02
2.516216e+00 -9.374363e-03
2.538288e+00 0.000000e+00
2.560360e+00 -7.954010e-03
2.582432e+00 -3.335141e-02
2.604505e+00 -7.634764e-02
2.626577e+00 -1.371403e-01
2.648649e+00 -2.159714e-01
2.670721e+00 -3.131302e-01
2.692793e+00 -4.289566e-01
2.714865e+00 -5.638455e-01
2.736937e+00 -7.182518e-01
2.759009e+00 -8.926966e-01
2.781081e+00 -1.087774e+00
2.803153e+00 -1.304162e+00
2.825225e+00 -1.542629e+00
2.847297e+00 -1.804051e+00
2.869369e+00 -2.089423e+00
2.891441e+00 -2.399881e+00
2.913514e+00 -2.736725e+00
2.935586e+00 -3.101443e+00
2.957658e+00 -3.495751e+00
2.979730e+00 -3.921637e+00
3.001802e+00 -4.381413e+00
3.023874e+00 -4.877791e+00
3.045946e+00 -5.413978e+00
3.068018e+00 -5.993796e+00
3.090090e+00 -6.621851e+00
3.112162e+00 -7.303760e+00
3.134234e+00 -8.046467e+00
3.156306e+00 -8.858699e+00
3.178378e+00 -9.751630e+00
3.200450e+00 -1.073990e+01
3.222523e+00 -1.184320e+01
3.244595e+00 -1.308897e+01
3.266667e+00 -1.451698e+01
3.288739e+00 -1.618826e+01
3.310811e+00 -1.820346e+01
3.332883e+00 -2.074714e+01
3.354955e+00 -2.421873e+01
3.377027e+00 -2.979569e+01
3.399099e+00 -4.715172e+01
3.421171e+00 -3.301391e+01
3.443243e+00 -2.641626e+01
3.465315e+00 -2.287635e+01
3.487387e+00 -2.050066e+01
3.509459e+00 -1.874929e+01
3.531532e+00 -1.739146e+01
3.553604e+00 -1.630711e+01
3.575676e+00 -1.542591e+01
3.597748e+00 -1.470318e+01
3.619820e+00 -1.410893e+01
3.641892e+00 -1.362212e+01
3.663964e+00 -1.322755e+01
3.686036e+00 -1.291400e+01
3.708108e+00 -1.267303e+01
3.730180e+00 -1.249829e+01
3.752252e+00 -1.238500e+01
3.774324e+00 -1.232960e+01
3.796396e+00 -1.232957e+01
3.818468e+00 -1.238322e+01
3.840541e+00 -1.248964e+01
3.862613e+00 -1.264862e+01
3.884685e+00 -1.286065e+01
3.906757e+00 -1.312696e+01
3.928829e+00 -1.344951e+01
3.950901e+00 -1.383119e+01
3.972973e+00 -1.427591e+01
3.995045e+00 -1.478887e+01
4.017117e+00 -1.537692e+01
4.039189e+00 -1.604909e+01
4.061261e+00 -1.681736e+01
4.083333e+00 -1.769798e+01
4.105405e+00 -1.871341e+01
4.127477e+00 -1.989586e+01
4.149550e+00 -2.129355e+01
4.171622e+00 -2.298319e+01
4.193694e+00 -2.509778e+01
4.215766e+00 -2.789944e+01
4.237838e+00 -3.203049e+01
4.259910e+00 -4.003291e+01
4.281982e+00 -4.629144e+01
4.304054e+00 -3.428295e+01
4.326126e+00 -2.953569e+01
4.348198e+00 -2.657470e+01
4.370270e+00 -2.445219e+01
4.392342e+00 -2.282344e+01
4.414414e+00 -2.152384e+01
4.436486e+00 -2.046195e+01
4.458559e+00 -1.958180e+01
4.480631e+00 -1.884673e+01
4.502703e+00 -1.823150e+01
4.524775e+00 -1.771812e+01
4.546847e+00 -1.729340e+01
4.568919e+00 -1.694749e+01
4.590991e+00 -1.667295e+01
4.613063e+00 -1.646416e+01
4.635135e+00 -1.631688e+01
4.657207e+00 -1.622798e+01
4.679279e+00 -1.619530e+01
4.701351e+00 -1.621745e+01
4.723423e+00 -1.629381e+01
4.745495e+00 -1.642444e+01
4.767568e+00 -1.661012e+01
4.789640e+00 -1.685235e+01
4.811712e+00 -1.715348e+01
4.833784e+00 -1.751681e+01
4.855856e+00 -1.794678e+01
4.877928e+00 -1.844930e+01
4.900000e+00 -1.903212e+01
4.922072e+00 -1.970554e+01
4.944144e+00 -2.048335e+01
4.966216e+00 -2.138444e+01
4.988288e+00 -2.243535e+01
5.010360e+00 -2.367489e+01
5.032432e+00 -2.516280e+01
5.054505e+00 -2.699771e+01
5.076577e+00 -2.936024e+01
5.098649e+00 -3.263941e+01
5.120721e+00 -3.796810e+01
5.142793e+00 -5.396330e+01
5.164865e+00 -4.141667e+01
5.186937e+00 -3.451775e+01
5.209009e+00 -3.079874e+01
5.231081e+00 -2.827364e+01
5.253153e+00 -2.638659e+01
5.275225e+00 -2.490166e+01
5.297297e+00 -2.369657e+01
5.319369e+00 -2.269980e+01
5.341441e+00 -2.186599e+01
5.363514e+00 -2.116464e+01
5.385586e+00 -2.057440e+01
5.407658e+00 -2.007978e+01
5.429730e+00 -1.966933e+01
5.451802e+00 -1.933446e+01
5.473874e+00 -1.906865e+01
5.495946e+00 -1.886697e+01
5.518018e+00 -1.872575e+01
5.540090e+00 -1.864235e+01
5.562162e+00 -1.861499e+01
5.584234e+00 -1.864266e+01
5.606306e+00 -1.872509e+01
5.628378e+00 -1.886268e+01
5.650450e+00 -1.905658e+01
5.672523e+00 -1.930873e+01
5.694595e+00 -1.962194e+01
5.716667e+00 -2.000011e+01
5.738739e+00 -2.044841e+01
5.760811e+00 -2.097368e+01
5.782883e+00 -2.158496e+01
5.804955e+00 -2.229431e+01
5.827027e+00 -2.311806e+01
5.849099e+00 -2.407885e+01
5.871171e+00 -2.520924e+01
5.893243e+00 -2.655801e+01
5.915315e+00 -2.820302e+01
5.937387e+00 -3.027968e+01
5.959459e+00 -3.305624e+01
5.981532e+00 -3.719603e+01
6.003604e+00 -4.539052e+01
6.025676e+00 -5.043855e+01
6.047748e+00 -3.894893e+01
6.069820e+00 -3.423837e+01
6.091892e+00 -3.126536e+01
6.113964e+00 -2.911645e+01
6.136036e+00 -2.745555e+01
6.158108e+00 -2.612120e+01
6.180180e+00 -2.502342e+01
6.202252e+00 -2.410697e+01
6.224324e+00 -2.333561e+01
6.246396e+00 -2.268435e+01
6.268468e+00 -2.213536e+01
6.290541e+00 -2.167557e+01
6.312613e+00 -2.129519e+01
6.334685e+00 -2.098685e+01
6.356757e+00 -2.074497e+01
6.378829e+00 -2.056534e+01
6.400901e+00 -2.044488e+01
6.422973e+00 -2.038144e+01
6.445045e+00 -2.037370e+01
6.467117e+00 -2.042106e+01
6.489189e+00 -2.052364e+01
6.511261e+00 -2.068228e+01
6.533333e+00 -2.089856e+01
6.555405e+00 -2.117493e+01
6.577477e+00 -2.151482e+01
6.599550e+00 -2.192285e+01
6.621622e+00 -2.240514e+01
6.643694e+00 -2.296979e+01
6.665766e+00 -2.362752e+01
6.687838e+00 -2.439277e+01
6.709910e+00 -2.528539e+01
6.731982e+00 -2.633344e+01
6.754054e+00 -2.757824e+01
6.776126e+00 -2.908399e+01
6.798198e+00 -3.095816e+01
6.820270e+00 -3.340156e+01
6.842342e+00 -3.686170e+01
6.864414e+00 -4.274111e+01
6.886486e+00 -7.221381e+01
6.908559e+00 -4.341475e+01
6.930631e+00 -3.729982e+01
6.952703e+00 -3.380631e+01
6.974775e+00 -3.138004e+01
6.996847e+00 -2.954321e+01
7.018919e+00 -2.808492e+01
7.040991e+00 -2.689336e+01
7.063063e+00 -2.590218e+01
7.085135e+00 -2.506887e+01
7.107207e+00 -2.436463e+01
7.129279e+00 -2.376918e+01
7.151351e+00 -2.326776e+01
7.173423e+00 -2.284944e+01
7.195495e+00 -2.250597e+01
7.217568e+00 -2.223113e+01
7.239640e+00 -2.202021e+01
7.261712e+00 -2.186972e+01
7.283784e+00 -2.177716e+01
7.305856e+00 -2.174091e+01
7.327928e+00 -2.176009e+01
7.350000e+00 -2.183455e+01
7.372072e+00 -2.196487e+01
7.394144e+00 -2.215234e+01
7.416216e+00 -2.239908e+01
7.438288e+00 -2.270816e+01
7.460360e+00 -2.308372e+01
7.482432e+00 -2.353131e+01
7.504505e+00 -2.405826e+01
7.526577e+00 -2.467426e+01
7.548649e+00 -2.539228e+01
7.570721e+00 -2.623000e+01
7.592793e+00 -2.721215e+01
7.614865e+00 -2.837457e+01
7.636937e+00 -2.977178e+01
7.659009e+00 -3.149245e+01
7.681081e+00 -3.369505e+01
7.703153e+00 -3.670775e+01
7.725225e+00 -4.141290e+01
7.747297e+00 -5.248841e+01
7.769369e+00 -4.857725e+01
7.791441e+00 -4.020942e+01
7.813514e+00 -3.608324e+01
7.835586e+00 -3.335277e+01
7.857658e+00 -3.133381e+01
7.879730e+00 -2.975205e+01
7.901802e+00 -2.846972e+01
7.923874e+00 -2.740783e+01
7.945946e+00 -2.651698e+01
7.968018e+00 -2.576430e+01
7.990090e+00 -2.512691e+01
8.012162e+00 -2.458835e+01
8.034234e+00 -2.413649e+01
8.056306e+00 -2.376224e+01
8.078378e+00 -2.345871e+01
8.100450e+00 -2.322071e+01
8.122523e+00 -2.304435e+01
8.144595e+00 -2.292681e+01
8.166667e+00 -2.286617e+01
8.188739e+00 -2.286131e+01
8.210811e+00 -2.291183e+01
8.232883e+00 -2.301806e+01
8.254955e+00 -2.318105e+01
8.277027e+00 -2.340263e+01
8.299099e+00 -2.368554e+01
8.321171e+00 -2.403355e+01
8.343243e+00 -2.445170e+01
8.365315e+00 -2.494670e+01
8.387387e+00 -2.552739e+01
8.409459e+00 -2.620554e+01
8.431532e+00 -2.699712e+01
8.453604e+00 -2.792422e+01
8.475676e+00 -2.901848e+01
8.497748e+00 -3.032722e+01
8.519820e+00 -3.192553e+01
8.541892e+00 -3.394306e+01
8.563964e+00 -3.663375e+01
8.586036e+00 -4.061239e+01
8.608108e+00 -4.823445e+01
8.630180e+00 -5.611430e+01
8.652252e+00 -4.314284e+01
8.674324e+00 -3.820871e+01
8.696396e+00 -3.513431e+01
8.718468e+00 -3.292161e+01
8.740541e+00 -3.121347e+01
8.762613e+00 -2.984072e+01
8.784685e+00 -2.870985e+01
8.806757e+00 -2.776380e+01
8.828829e+00 -2.696528e+01
8.850901e+00 -2.628867e+01
8.872973e+00 -2.571573e+01
8.895045e+00 -2.523309e+01
8.917117e+00 -2.483078e+01
8.939189e+00 -2.450128e+01
8.961261e+00 -2.423889e+01
8.983333e+00 -2.403935e+01
9.005405e+00 -2.389951e+01
9.027477e+00 -2.381717e+01
9.049550e+00 -2.379097e+01
9.071622e+00 -2.382030e+01
9.093694e+00 -2.390524e+01
9.115766e+00 -2.404662e+01
9.137838e+00 -2.424603e+01
9.159910e+00 -2.450591e+01
9.181982e+00 -2.482969e+01
9.204054e+00 -2.522201e+01
9.226126e+00 -2.568902e+01
9.248198e+00 -2.623884e+01
9.270270e+00 -2.688226e+01
9.292342e+00 -2.763381e+01
9.314414e+00 -2.851347e+01
9.336486e+00 -2.954952e+01
9.358559e+00 -3.078365e+01
9.380631e+00 -3.228071e+01
9.402703e+00 -3.414952e+01
9.424775e+00 -3.659397e+01
9.446847e+00 -4.007077e+01
9.468919e+00 -4.602764e+01
9.490991e+00 -8.386461e+01
9.513063e+00 -4.629349e+01
9.535135e+00 -4.026342e+01
9.557207e+00 -3.678877e+01
9.579279e+00 -3.436531e+01
9.601351e+00 -3.252503e+01
9.623423e+00 -3.106027e+01
9.645495e+00 -2.986059e+01
9.667568e+00 -2.886035e+01
9.689640e+00 -2.801740e+01
9.711712e+00 -2.730320e+01
9.733784e+00 -2.669759e+01
9.755856e+00 -2.618593e+01
9.777928e+00 -2.575736e+01
9.800000e+00 -2.540369e+01
9.822072e+00 -2.511873e+01
9.844144e+00 -2.489782e+01
9.866216e+00 -2.473750e+01
9.888288e+00 -2.463531e+01
9.910360e+00 -2.458964e+01
9.932432e+00 -2.459967e+01
9.954505e+00 -2.466528e+01
9.976577e+00 -2.478708e+01
9.998649e+00 -2.496643e+01
1.002072e+01 -2.520551e+01
1.004279e+01 -2.550745e+01
1.006486e+01 -2.587653e+01
1.008694e+01 -2.631840e+01
1.010901e+01 -2.684059e+01
1.013108e+01 -2.745302e+01
1.015315e+01 -2.816903e+01
1.017523e+01 -2.900683e+01
1.019730e+01 -2.999193e+01
1.021937e+01 -3.116150e+01
1.024144e+01 -3.257238e+01
1.026351e+01 -3.431762e+01
1.028559e+01 -3.656540e+01
1.030766e+01 -3.967013e+01
1.032973e+01 -4.461871e+01
1.035180e+01 -5.742506e+01
1.037387e+01 -4.996218e+01
1.039595e+01 -4.231660e+01
1.041802e+01 -3.836211e+01
1.044009e+01 -3.570474e+01
1.046216e+01 -3.372389e+01
1.048423e+01 -3.216390e+01
1.050631e+01 -3.089443e+01
1.052838e+01 -2.984004e+01
1.055045e+01 -2.895326e+01
1.057252e+01 -2.820233e+01
1.059459e+01 -2.756509e+01
1.061667e+01 -2.702555e+01
1.063874e+01 -2.657191e+01
1.066081e+01 -2.619529e+01
1.068288e+01 -2.588900e+01
1.070495e+01 -2.564799e+01
1.072703e+01 -2.546847e+01
1.074910e+01 -2.534774e+01
1.077117e+01 -2.528394e+01
1.079324e+01 -2.527605e+01
1.081532e+01 -2.532374e+01
1.083739e+01 -2.542743e+01
1.085946e+01 -2.558827e+01
1.088153e+01 -2.580821e+01
1.090360e+01 -2.609008e+01
1.092568e+01 -2.643784e+01
1.094775e+01 -2.685674e+01
1.096982e+01 -2.735373e+01
1.099189e+01 -2.793802e+01
1.101396e+01 -2.862191e+01
1.103604e+01 -2.942207e+01
1.105811e+01 -3.036174e+01
1.108018e+01 -3.147432e+01
1.110225e+01 -3.281020e+01
1.112432e+01 -3.445012e+01
1.114640e+01 -3.653563e+01
1.116847e+01 -3.935058e+01
1.119054e+01 -4.361281e+01
1.121261e+01 -5.243012e+01
1.123468e+01 -5.481396e+01
1.125676e+01 -4.444000e+01
1.127883e+01 -3.989096e+01
1.130090e+01 -3.696899e+01
1.132297e+01 -3.483632e+01
1.134505e+01 -3.317642e+01
1.136712e+01 -3.183518e+01
1.138919e+01 -3.072598e+01
1.141126e+01 -2.979534e+01
1.143333e+01 -2.900804e+01
1.145541e+01 -2.833973e+01
1.147748e+01 -2.777299e+01
1.149955e+01 -2.729504e+01
1.152162e+01 -2.689630e+01
1.154369e+01 -2.656955e+01
1.156577e+01 -2.630933e+01
1.158784e+01 -2.611154e+01
1.160991e+01 -2.597321e+01
1.163198e+01 -2.589227e+01
1.165405e+01 -2.586746e+01
1.167613e+01 -2.589830e+01
1.169820e+01 -2.598500e+01
1.172027e+01 -2.612850e+01
1.174234e+01 -2.633054e+01
1.176441e+01 -2.659371e+01
1.178649e+01 -2.692165e+01
1.180856e+01 -2.731923e+01
1.183063e+01 -2.779293e+01
1.185270e+01 -2.835130e+01
1.187477e+01 -2.900572e+01
1.189685e+01 -2.977157e+01
1.191892e+01 -3.067010e+01
1.194099e+01 -3.173158e+01
1.196306e+01 -3.300105e+01
1.198514e+01 -3.454939e+01
1.200721e+01 -3.649763e+01
1.202928e+01 -3.907858e+01
1.205135e+01 -4.283824e+01
1.207342e+01 -4.970438e+01
1.209550e+01 -6.337567e+01
1.211757e+01 -4.672325e+01
1.213964e+01 -4.140793e+01
1.216171e+01 -3.818090e+01
1.218378e+01 -3.588200e+01
1.220586e+01 -3.411602e+01
1.222793e+01 -3.270016e+01
1.225000e+01 -3.153483e+01
1.227207e+01 -3.055983e+01
1.229414e+01 -2.973609e+01
1.231622e+01 -2.903692e+01
1.233829e+01 -2.844335e+01
1.236036e+01 -2.794156e+01
1.238243e+01 -2.752124e+01
1.240450e+01 -2.717461e+01
1.242658e+01 -2.689582e+01
1.244865e+01 -2.668043e+01
1.247072e+01 -2.652521e+01
1.249279e+01 -2.642784e+01
1.251486e+01 -2.638690e+01
1.253694e+01 -2.640169e+01
1.255901e+01 -2.647225e+01
1.258108e+01 -2.659932e+01
1.260315e+01 -2.678444e+01
1.262523e+01 -2.702997e+01
1.264730e+01 -2.733926e+01
1.266937e+01 -2.771685e+01
1.269144e+01 -2.816877e+01
1.271351e+01 -2.870299e+01
1.273559e+01 -2.933009e+01
1.275766e+01 -3.006428e+01
1.277973e+01 -3.092512e+01
1.280180e+01 -3.194018e+01
1.282387e+01 -3.315002e+01
1.284595e+01 -3.461746e+01
1.286802e+01 -3.644725e+01
1.289009e+01 -3.883395e+01
1.291216e+01 -4.220666e+01
1.293423e+01 -4.787992e+01
1.295631e+01 -7.044300e+01
1.297838e+01 -4.930032e+01
1.300045e+01 -4.294564e+01
1.302252e+01 -3.935969e+01
1.304459e+01 -3.687638e+01
1.306667e+01 -3.499657e+01
1.308874e+01 -3.350239e+01
1.311081e+01 -3.227907e+01
1.313288e+01 -3.125879e+01
1.315495e+01 -3.039822e+01
1.317703e+01 -2.966810e+01
1.319910e+01 -2.904782e+01
1.322117e+01 -2.852243e+01
1.324324e+01 -2.808085e+01
1.326532e+01 -2.771475e+01
1.328739e+01 -2.741783e+01
1.330946e+01 -2.718532e+01
1.333153e+01 -2.701371e+01
1.335360e+01 -2.690048e+01
1.337568e+01 -2.684398e+01
1.339775e+01 -2.684334e+01
1.341982e+01 -2.689841e+01
1.344189e+01 -2.700977e+01
1.346396e+01 -2.717874e+01
1.348604e+01 -2.740748e+01
1.350811e+01 -2.769907e+01
1.353018e+01 -2.805774e+01
1.355225e+01 -2.848911e+01
1.357432e+01 -2.900063e+01
1.359640e+01 -2.960214e+01
1.361847e+01 -3.030687e+01
1.364054e+01 -3.113283e+01
1.366261e+01 -3.210529e+01
1.368468e+01 -3.326098e+01
1.370676e+01 -3.465600e+01
1.372883e+01 -3.638195e+01
1.375090e+01 -3.860387e+01
1.377297e+01 -4.166751e+01
1.379505e+01 -4.652478e+01
1.381712e+01 -5.870489e+01
1.383919e+01 -5.241135e+01
1.386126e+01 -4.454076e+01
1.388333e+01 -4.052285e+01
1.390541e+01 -3.783226e+01
1.392748e+01 -3.582911e+01
1.394955e+01 -3.425200e+01
1.397162e+01 -3.296829e+01
1.399369e+01 -3.190144e+01
1.401577e+01 -3.100337e+01
1.403784e+01 -3.024199e+01
1.405991e+01 -2.959490e+01
1.408198e+01 -2.904598e+01
1.410405e+01 -2.858331e+01
1.412613e+01 -2.819797e+01
1.414820e+01 -2.788320e+01
1.417027e+01 -2.763391e+01
1.419234e+01 -2.744629e+01
1.421441e+01 -2.731761e+01
1.423649e+01 -2.724600e+01
1.425856e+01 -2.723041e+01
1.428063e+01 -2.727052e+01
1.430270e+01 -2.736673e+01
1.432477e+01 -2.752018e+01
1.434685e+01 -2.773281e+01
1.436892e+01 -2.800748e+01
1.439099e+01 -2.834810e+01
1.441306e+01 -2.875993e+01
1.443514e+01 -2.924994e+01
1.445721e+01 -2.982733e+01
1.447928e+01 -3.050439e+01
1.450135e+01 -3.129782e+01
1.452342e+01 -3.223084e+01
1.454550e+01 -3.333690e+01
1.456757e+01 -3.466638e+01
1.458964e+01 -3.630012e+01
1.461171e+01 -3.837977e+01
1.463378e+01 -4.118952e+01
1.465586e+01 -4.544835e+01
1.467793e+01 -5.427339e+01
1.470000e+01 -5.659933e+01
1.472207e+01 -4.623933e+01
1.474414e+01 -4.168757e+01
1.476622e+01 -3.876081e+01
1.478829e+01 -3.662271e+01
1.481036e+01 -3.495712e+01
1.483243e+01 -3.361008e+01
1.485450e+01 -3.249502e+01
1.487658e+01 -3.155852e+01
1.489865e+01 -3.076535e+01
1.492072e+01 -3.009120e+01
1.494279e+01 -2.951866e+01
1.496486e+01 -2.903493e+01
1.498694e+01 -2.863046e+01
1.500901e+01 -2.829802e+01
1.503108e+01 -2.803217e+01
1.505315e+01 -2.782882e+01
1.507523e+01 -2.768497e+01
1.509730e+01 -2.759859e+01
1.511937e+01 -2.756843e+01
1.514144e+01 -2.759399e+01
1.516351e+01 -2.767551e+01
1.518559e+01 -2.781394e+01
1.520766e+01 -2.801103e+01
1.522973e+01 -2.826940e+01
1.525180e+01 -2.859270e+01
1.527387e+01 -2.898585e+01
1.529595e+01 -2.945536e+01
1.531802e+01 -3.000984e+01
1.534009e+01 -3.066077e+01
1.536216e+01 -3.142364e+01
1.538423e+01 -3.231988e+01
1.540631e+01 -3.338007e+01
1.542838e+01 -3.464972e+01
1.545045e+01 -3.620065e+01
1.547252e+01 -3.815571e+01
1.549459e+01 -4.075224e+01
1.551667e+01 -4.455059e+01
1.553874e+01 -5.156355e+01
1.556081e+01 -6.373272e+01
1.558288e+01 -4.810570e+01
1.560495e+01 -4.287215e+01
1.562703e+01 -3.967231e+01
1.564910e+01 -3.738517e+01
1.567117e+01 -3.562447e+01
1.569324e+01 -3.421059e+01
1.571532e+01 -3.304532e+01
1.573739e+01 -3.206919e+01
1.575946e+01 -3.124355e+01
1.578153e+01 -3.054193e+01
1.580360e+01 -2.994554e+01
1.582568e+01 -2.944067e+01
1.584775e+01 -2.901707e+01
1.586982e+01 -2.866705e+01
1.589189e+01 -2.838477e+01
1.591396e+01 -2.816585e+01
1.593604e+01 -2.800707e+01
1.595811e+01 -2.790617e+01
1.598018e+01 -2.786172e+01
1.600225e+01 -2.787306e+01
1.602432e+01 -2.794025e+01
1.604640e+01 -2.806407e+01
1.606847e+01 -2.824608e+01
1.609054e+01 -2.848868e+01
1.611261e+01 -2.879527e+01
1.613468e+01 -2.917045e+01
1.615676e+01 -2.962032e+01
1.617883e+01 -3.015294e+01
1.620090e+01 -3.077904e+01
1.622297e+01 -3.151304e+01
1.624505e+01 -3.237476e+01
1.626712e+01 -3.339227e+01
1.628919e+01 -3.460687e+01
1.631126e+01 -3.608276e+01
1.633333e+01 -3.792739e+01
1.635541e+01 -4.034160e+01
1.637748e+01 -4.377290e+01
1.639955e+01 -4.962397e+01
1.642162e+01 -7.908561e+01
1.644369e+01 -5.024000e+01
1.646577e+01 -4.409765e+01
1.648784e+01 -4.057679e+01
1.650991e+01 -3.812341e+01
1.653198e+01 -3.625974e+01
1.655405e+01 -3.477488e+01
1.657613e+01 -3.355704e+01
1.659820e+01 -3.253987e+01
1.662027e+01 -3.168086e+01
1.664234e+01 -3.095122e+01
1.666441e+01 -3.033066e+01
1.668649e+01 -2.980445e+01
1.670856e+01 -2.936166e+01
1.673063e+01 -2.899404e+01
1.675270e+01 -2.869539e+01
1.677477e+01 -2.846102e+01
1.679685e+01 -2.828744e+01
1.681892e+01 -2.817220e+01
1.684099e+01 -2.811368e+01
1.686306e+01 -2.811105e+01
1.688514e+01 -2.816420e+01
1.690721e+01 -2.827375e+01
1.692928e+01 -2.844106e+01
1.695135e+01 -2.866834e+01
1.697342e+01 -2.895874e+01
1.699550e+01 -2.931655e+01
1.701757e+01 -2.974751e+01
1.703964e+01 -3.025916e+01
1.706171e+01 -3.086156e+01
1.708378e+01 -3.156814e+01
1.710586e+01 -3.239730e+01
1.712793e+01 -3.337486e+01
1.715000e+01 -3.453847e+01
1.717207e+01 -3.594580e+01
1.719414e+01 -3.769156e+01
1.721622e+01 -3.994755e+01
1.723829e+01 -4.307822e+01
1.726036e+01 -4.811177e+01
1.728243e+01 -6.169312e+01
1.730450e+01 -5.281871e+01
1.732658e+01 -4.539012e+01
1.734865e+01 -4.148465e+01
1.737072e+01 -3.884389e+01
1.739279e+01 -3.686790e+01
1.741486e+01 -3.530724e+01
1.743694e+01 -3.403408e+01
1.745901e+01 -3.297419e+01
1.748108e+01 -3.208075e+01
1.750315e+01 -3.132241e+01
1.752523e+01 -3.067725e+01
1.754730e+01 -3.012943e+01
1.756937e+01 -2.966727e+01
1.759144e+01 -2.928199e+01
1.761351e+01 -2.896696e+01
1.763559e+01 -2.871717e+01
1.765766e+01 -2.852888e+01
1.767973e+01 -2.839943e+01
1.770180e+01 -2.832700e+01
1.772387e+01 -2.831059e+01
1.774595e+01 -2.834993e+01
1.776802e+01 -2.844547e+01
1.779009e+01 -2.859841e+01
1.781216e+01 -2.881073e+01
1.783423e+01 -2.908537e+01
1.785631e+01 -2.942634e+01
1.787838e+01 -2.983901e+01
1.790045e+01 -3.033048e+01
1.792252e+01 -3.091014e+01
1.794459e+01 -3.159057e+01
1.796667e+01 -3.238886e+01
1.798874e+01 -3.332885e+01
1.801081e+01 -3.444494e+01
1.803288e+01 -3.578921e+01
1.805495e+01 -3.744564e+01
1.807703e+01 -3.956262e+01
1.809910e+01 -4.244168e+01
1.812117e+01 -4.686460e+01
1.814324e+01 -5.648726e+01
1.816532e+01 -5.621123e+01
1.818739e+01 -4.678414e+01
1.820946e+01 -4.240726e+01
1.823153e+01 -3.955288e+01
1.825360e+01 -3.745347e+01
1.827568e+01 -3.581137e+01
1.829775e+01 -3.447969e+01
1.831982e+01 -3.337516e+01
1.834189e+01 -3.244606e+01
1.836396e+01 -3.165821e+01
1.838604e+01 -3.098789e+01
1.840811e+01 -3.041811e+01
1.843018e+01 -2.993636e+01
1.845225e+01 -2.953327e+01
1.847432e+01 -2.920179e+01
1.849640e+01 -2.893656e+01
1.851847e+01 -2.873360e+01
1.854054e+01 -2.859000e+01
1.856261e+01 -2.850377e+01
1.858468e+01 -2.847372e+01
1.860676e+01 -2.849944e+01
1.862883e+01 -2.858119e+01
1.865090e+01 -2.872000e+01
1.867297e+01 -2.891768e+01
1.869505e+01 -2.917693e+01
1.871712e+01 -2.950150e+01
1.873919e+01 -2.989643e+01
1.876126e+01 -3.036838e+01
1.878333e+01 -3.092617e+01
1.880541e+01 -3.158156e+01
1.882748e+01 -3.235045e+01
1.884955e+01 -3.325492e+01
1.887162e+01 -3.432651e+01
1.889369e+01 -3.561242e+01
1.891577e+01 -3.718753e+01
1.893784e+01 -3.918105e+01
1.895991e+01 -4.184581e+01
1.898198e+01 -4.579297e+01
1.900405e+01 -5.335404e+01
1.902613e+01 -6.145560e+01
1.904820e+01 -4.832901e+01
1.907027e+01 -4.335782e+01
1.909234e+01 -4.025677e+01
1.911441e+01 -3.802063e+01
1.913649e+01 -3.629054e+01
1.915856e+01 -3.489668e+01
1.918063e+01 -3.374527e+01
1.920270e+01 -3.277909e+01
1.922477e+01 -3.196078e+01
1.924685e+01 -3.126467e+01
1.926892e+01 -3.067248e+01
1.929099e+01 -3.017083e+01
1.931306e+01 -2.974974e+01
1.933514e+01 -2.940168e+01
1.935721e+01 -2.912096e+01
1.937928e+01 -2.890330e+01
1.940135e+01 -2.874558e+01
1.942342e+01 -2.864561e+01
1.944550e+01 -2.860203e+01
1.946757e+01 -2.861424e+01
1.948964e+01 -2.868237e+01
1.951171e+01 -2.880727e+01
1.953378e+01 -2.899056e+01
1.955586e+01 -2.923474e+01
1.957793e+01 -2.954330e+01
1.960000e+01 -2.992095e+01
1.962207e+01 -3.037397e+01
1.964414e+01 -3.091064e+01
1.966622e+01 -3.154195e+01
1.968829e+01 -3.228275e+01
1.971036e+01 -3.315350e+01
1.973243e+01 -3.418321e+01
1.975450e+01 -3.541482e+01
1.977658e+01 -3.691540e+01
1.979865e+01 -3.879825e+01
1.982072e+01 -4.127777e+01
1.984279e+01 -4.484238e+01
1.986486e+01 -5.110152e+01
1.988694e+01 -7.531897e+01
1.990901e+01 -5.010071e+01
1.993108e+01 -4.435245e+01
1.995315e+01 -4.096237e+01
1.997523e+01 -3.857347e+01
1.999730e+01 -3.674770e+01
2.001937e+01 -3.528744e+01
2.004144e+01 -3.408661e+01
2.006351e+01 -3.308173e+01
2.008559e+01 -3.223188e+01
2.010766e+01 -3.150922e+01
2.012973e+01 -3.089410e+01
2.015180e+01 -3.037218e+01
2.017387e+01 -2.993283e+01
2.019595e+01 -2.956802e+01
2.021802e+01 -2.927169e+01
2.024009e+01 -2.903928e+01
2.026216e+01 -2.886742e+01
2.028423e+01 -2.875373e+01
2.030631e+01 -2.869667e+01
2.032838e+01 -2.869547e+01
2.035045e+01 -2.875011e+01
2.037252e+01 -2.886126e+01
2.039459e+01 -2.903038e+01
2.041667e+01 -2.925974e+01
2.043874e+01 -2.955261e+01
2.046081e+01 -2.991340e+01
2.048288e+01 -3.034800e+01
2.050495e+01 -3.086419e+01
2.052703e+01 -3.147229e+01
2.054910e+01 -3.218615e+01
2.057117e+01 -3.302477e+01
2.059324e+01 -3.401490e+01
2.061532e+01 -3.519572e+01
2.063739e+01 -3.662758e+01
2.065946e+01 -3.841042e+01
2.068153e+01 -4.072781e+01
2.070360e+01 -4.397713e+01
2.072568e+01 -4.932814e+01
2.074775e+01 -6.626726e+01
2.076982e+01 -5.222808e+01
2.079189e+01 -4.541186e+01
2.081396e+01 -4.167729e+01
2.083604e+01 -3.911609e+01
2.085811e+01 -3.718561e+01
2.088018e+01 -3.565409e+01
2.090225e+01 -3.440096e+01
2.092432e+01 -3.335552e+01
2.094640e+01 -3.247289e+01
2.096847e+01 -3.172283e+01
2.099054e+01 -3.108417e+01
2.101261e+01 -3.054155e+01
2.103468e+01 -3.008361e+01
2.105676e+01 -2.970182e+01
2.107883e+01 -2.938973e+01
2.110090e+01 -2.914246e+01
2.112297e+01 -2.895641e+01
2.114505e+01 -2.882898e+01
2.116712e+01 -2.875846e+01
2.118919e+01 -2.874391e+01
2.121126e+01 -2.878514e+01
2.123333e+01 -2.888268e+01
2.125541e+01 -2.903778e+01
2.127748e+01 -2.925255e+01
2.129955e+01 -2.953000e+01
2.132162e+01 -2.987428e+01
2.134369e+01 -3.029091e+01
2.136577e+01 -3.078720e+01
2.138784e+01 -3.137283e+01
2.140991e+01 -3.206076e+01
2.143198e+01 -3.286866e+01
2.145405e+01 -3.382125e+01
2.147613e+01 -3.495434e+01
2.149820e+01 -3.632248e+01
2.152027e+01 -3.801429e+01
2.154234e+01 -4.018824e+01
2.156441e+01 -4.317246e+01
2.158649e+01 -4.784917e+01
2.160856e+01 -5.889479e+01
2.163063e+01 -5.496045e+01
2.165270e+01 -4.656407e+01
2.167477e+01 -4.241039e+01
2.169685e+01 -3.965278e+01
2.171892e+01 -3.760693e+01
2.174099e+01 -3.599853e+01
2.176306e+01 -3.468978e+01
2.178514e+01 -3.360170e+01
2.180721e+01 -3.268488e+01
2.182928e+01 -3.190646e+01
2.185135e+01 -3.124356e+01
2.187342e+01 -3.067972e+01
2.189550e+01 -3.020283e+01
2.191757e+01 -2.980378e+01
2.193964e+01 -2.947572e+01
2.196171e+01 -2.921345e+01
2.198378e+01 -2.901311e+01
2.200586e+01 -2.887189e+01
2.202793e+01 -2.878789e+01
2.205000e+01 -2.876001e+01
