51
      -0.014444
      -0.010727
      -0.005600
       0.000302
       0.006239
       0.011456
       0.015281
       0.017213
       0.016988
       0.014614
       0.010371
       0.004784
      -0.001451
      -0.007547
      -0.012730
      -0.016339
      -0.017906
      -0.017222
      -0.014365
      -0.009686
      -0.003771
       0.002634
       0.008722
       0.013722
       0.017000
       0.018141
       0.017000
       0.013722
       0.008722
       0.002634
      -0.003771
      -0.009686
      -0.014365
      -0.017222
      -0.017906
      -0.016339
      -0.012730
      -0.007547
      -0.001451
       0.004784
       0.010371
       0.014614
       0.016988
       0.017213
       0.015281
       0.011456
       0.006239
       0.000302
      -0.005600
      -0.010727
      -0.014444
